$ANSIBLE_VAULT;1.1;AES256
61353834383530333230393561663139616263393962333032616136353833653038316566346564
6430653735613931646439616236323065373266306136390a373664386163313737623364303331
61656164616438616437626566323036353034353439396164666366376330333032376566313661
3761376336303630610a353264643461356532636261356236303765386331643934333361393061
63373463616162313039353339356465313964656538303966333166666134653433373063303961
62393239316262326333393061353766366564383032396530383938646634636264323532383333
34396163313635663835653933356661333430633838316462346265333865633961343461626634
65373130613736663237646637323230343738353063383361356365356137383432343061303665
33343263616138333564653964643436663739356266316135616238376134366139396439616632
34643661626630323534353730653764393735303663366334303739663333356331363032326665
30333733636232613362633030323031376364366638366566663861386563323262343462383063
61373666323639353461373264616663376536373565353363356632376166616638363932313133
62636234353930623530616534653263666562623538313163633361373539376664373762353762
65656238376632363738306161376532323534373564663137393530343632303438383438663039
61386137343831616638313438643637623362623738316634633536323130353637316362346134
32656137303163653834643961356664383564366632386339366136316238393835653636323836
36393363663832396138323366396631613964336161356634343030353238663734623133613366
63663433666631646536666164636537333232383132323233613862633935623137353537396332
31303835653831623730623533306466383865333964626366636433323131393865623839346237
32353530336232313763643036356336396462653665306437373662376638616434623964353436
66653835656464643665643136306437613937363738333365623731623566373437356437343335
62323439623238303038633436633839613336363932643965326430626234663639323437653436
63626438383134626662373732353661326639393664313931396461653962663335333333306134
62633234663435353538623234343333666234396231303866343334326434343066633438623730
61373532373566646334353839383865343765613939323966663063393236353536323836336264
62643763646235663564643665343166343433326264333565386339363261613139386666636633
62316666323238323539396565383438306332383366343533336565346130346164663162393431
35353339646333666536666433353836303532653565653065303935666563373239626566343533
61303161343637633834636136323130623164346130356338323238356132643938343266363530
38383139303763646464636263613630636338303161633931613437356434323463666362343335
39366334333937643034643664363864366138383137613139313939303461316136636165346232
33363337323863386465393232636561346261323436303934383932376666313132656534373739
30316436353866333064366432366166303831633337326439643636646339666433646435373962
32633233346162396261383836363032663030333965626463646361356266613530373536343137
36343563666534346335343035383836653939643534373830666234383964313338666438323332
33653962623030646561616265663362316634626364383266633266616466623032366664313036
32613730353563643533663336373966343335376363376434663638366438303837363262333162
36396138343637666436363138636632353863353562653961653735326631653230363235653038
38376633616638643763306239366137643730666461623862653361326561633535343465636166
63316163303134383439366136343238366638353665353132373861373231643532363866376166
66353331353637633763393932333031313963366431353233353864386665303531303836623739
30363465303139383630636230333565393136303235323864623735303363306663343464356563
63333736353331303831326564323437396638313664343835343266393362653238653763656635
31623632316434386563656231363162306339363266306138303135376361623934666565396163
39366561376661303963373437653263393066323039313539653338386234303439633663373031
38656435363739656435393638653835313466353938343535663037616661636266386261323265
35376636656366336336306232646363366335383433316136373163626332313561646233366630
39633737313435613964636361666136396130323064303836376233376131616630633061643339
37613664633763626637343863366162376565613564343362646135336162646532663738373662
31306438336666383031303736643836613761653466633562626466663732323630343236326436
61643166353864636634346362383132336339363535363061646435636133303464313531346561
38643631353565333734393439653139666462353837343536356236326239613564613136613363
37353432623630343563636230346132633432666337663662633565663534353766613261306337
61666139653336393436646632333161633163393232306334336433303735623335633035666261
66316134646631623238613962333461663234383364313661616231333732366435393563636439
62646666653934353632656337373837333361353438303337396364666166303965346331303863
65303238666364316664623162383966336636346662623934303736306538636465353363653132
30306435373931336363663639383966373337376462646430663032356561623362316561656562
61346237313638663135626638376462623566303238613439386539643135633632303930396261
33656365326366333332663162663735343565623562326531356137306265303432636261316235
30316538613737353730633665343566306638663836396230373933376239343837643863343630
64353564393063386338333935303862343761316630346231343563323039396665313566326466
35383234643330633238623632303361346238396166356361393433663737356437393666356137
63373034633231613766363335396431366561666134656365653637386364316563666265643138
65353734353432613063313862656638393061366437613761396638363035303039303336623234
36346236636566306639356364353864393036646662346434363163373561646230623839386163
30366465616232656335623263363662323132646532313539306461303664666362356131393732
63346331383764616335626337343532323833393031643030393063663636643138653264336363
65363636663331393035323836633535303635633766666134393266323135363436396161653832
61666363343835363466623561643863636164323262306330653865383665356535356234636230
61383037303237623464323633376665306561356331396331386238636639343537666234643066
66383161636430303162653037333366346261626665363162323239326538353639396461636262
66333539623236633861303734366236316638653139643330316437326533633530353338616164
39323033323834613232633661373037313739326261653135313738633331656561333131623133
31366639396130353661323966393861356232623436373965366238303931383134616431323133
66343139376564333063316634616439646365326436616539323631623536643662663338643632
36363364653835336463396562663636336463383463366562336336656632623531626234303832
33623833376634623565666133656537366663613037316562663230396434653937303634383130
65313263666662626161316662663765343564363836646434306539306632626238663231326531
62386631613438356665353431653730343866663764643631613130643562346231646162323736
61616162653764663238396263306234393165646463396236383363653161376636613437333030
33353834626363653731393662326664636632643631346562613034633263663531343532613438
66626263313866336362313062313366666231333463613037373931333139353362643538326330
30356530633264396336336163373339663638353739613436663633393336363461386662393032
32663631306533313963616137353763303636383465383033656361616365623161616264336236
61363638336566653865373263356365623362376138393534366130656164363764353938323264
37653837626435626665373362383132343537396566373136626436393139643538613133316431
31353062373363653336303435323966626538303234613665333631626537623033333033306132
39313638346134663030343135393364633864383534623334613632396566396235363138356138
33313533373931303438363530386664663562623331653465663763643664393533663033323133
62653665376566336563643530326264306538393135303537333766343465643936373366666566
39666563666232386263653866313439336137376462356564373265633963353735383262326163
33316535656338363439633439383766333064663464343034326136663235313633633239636139
37313131353965306461303631396330616361313561313038663665663034643261323338653965
63313035666166346534383932313364653538353934393864633033336662323631303735303439
32393935326339383232363766613532633831373034373231633163393561333632653265323365
37623039373337343630356666633938376361343134363664633630353138323838643030633230
34663663613234393530366433666334626230376631653138626239623135323533636161313165
61386437363539623437613631383139636238313434643336363934663061633066313039333938
65666333613665393766336338373863633266353038376266626361613565633236393333333566
66346431323864303938663463363163306234356562623665333237636437386466626239373538
33353861343031343830386561666435663534613731623563303463313937376666346362643637
65653265356136383935636334656336616465313539663965303632333332396430613232633635
31353731613863356238393538623931326561323930633163303332613339313066373761613132
37373336356636343236373265623530386331376331303731356538386431656639323335663730
65643464383166386665636661303435363335356134383737623264663134383461613336343034
30646239623836663965356539323561633463353038393566643239353931346161326366643265
39623063396131346363643861373766623632386638616338373930303266333739383134646363
32353230636666316337373564626239356330313366613366313337393631393931613035393735
39303163396333646261656132666636373637643266396337316666383066353139316430326564
30383039626661383336663861393636303564333732353933313633623630366364663064303031
39356261653963333433343836653966303634633161653261313130663737666639373661346363
34386537326563353833363965633531303434653262616536633638643636623461646331323631
63643162623835666663336331633261333632343734393231303262323565623533333861366437
36623861636635656235336538656435343731313761323062356465373536656137326230343530
38346262333235303133383166646232666434623564663061333039393835366436323563326331
39396563363833373362663836366562333963643332393462653337343735643438396165316333
63646137633762306332323064343939656533646434333461343535346137663037396639363636
65666534613735383534313764613732323763633038386665616334356339313334373638386261
38346539353164633566303338326536623436373830343635633962393737373961323530653336
66636563666634373031383532346533646430343565636635663766376631376662363733613635
35396232356235306237313337336532383062633639343365343439366237616638306232646163
36306233666536333662343637306263663130653336383164366162383362336639346139636335
64333666646234333438643035636336376665393537303235326330393565393261633162313737
34323931623834363562306333643832313430393631626363663138393638353032343435623638
35316536376239383265313632346433643832613934323062356639616364343562353237333865
35646335323233636636616330356365656237326464633231376564303663396134636363633966
36616135313231363032656136643261616138313934633733343666653661613839623234376331
36313963383166386635613535646361656635356633366339323864343031643430346465646335
62303831383535346139613130383265646232383837613232366536663935653131643466333764
30316661363838386636323433653434386365626532336333396530356534336366333635326639
63663830643738313865313239333535326138333637663437653038376331373131303436636431
63316236316435326165633161616663363038306134353432643732306564326533396332343333
61386332613230613731613264656630623330346330393266303164353132313566336466626632
376531333731623634313162343332396231
